100007 481 321
100039 481 321
100075 481 321
100080 321 481
100098 481 321
100099 481 321
10081 481 321
101027 481 321
101084 321 481
101085 321 481
101087 321 481
102061 321 481
102062 481 321
103006 481 321
103029 481 321
103041 481 321
103070 481 321
103078 481 321
104010 321 481
104022 321 481
104055 321 481
105019 481 321
105025 481 321
105027 481 321
105053 481 321
106005 481 321
106020 481 321
106024 481 321
106025 321 481
106047 481 321
107014 481 321
107045 481 321
107072 481 321
108004 481 321
108005 481 321
108036 481 321
108041 321 481
108069 481 321
108070 481 321
108073 481 321
108082 481 321
109034 481 321
109053 481 321
109055 481 321
112056 481 321
112082 481 321
112090 481 321
113009 321 481
113016 481 321
113044 481 321
117025 321 481
117054 481 321
118015 481 321
118020 481 321
118031 481 321
118035 481 321
118072 481 321
119082 481 321
120003 481 321
12003 481 321
120093 481 321
12074 481 321
12084 481 321
122048 481 321
123057 481 321
123074 481 321
124084 481 321
126007 481 321
126039 481 321
128035 481 321
130014 321 481
130026 481 321
130034 481 321
130066 481 321
134008 481 321
134035 481 321
134049 481 321
134052 481 321
134067 321 481
135037 481 321
135069 481 321
138032 321 481
138078 321 481
140006 321 481
140055 481 321
140075 481 321
140088 321 481
14037 481 321
14085 481 321
14092 481 321
141012 481 321
141048 481 321
143090 481 321
144067 321 481
145014 481 321
145053 481 321
145059 481 321
145079 481 321
145086 481 321
146074 481 321
147021 481 321
147062 321 481
147077 321 481
147080 481 321
147091 481 321
148026 321 481
148089 481 321
15004 321 481
15011 481 321
15062 481 321
15088 321 481
151087 481 321
153077 481 321
153093 481 321
155060 321 481
156054 321 481
156065 481 321
156079 481 321
157032 481 321
157036 321 481
157055 481 321
157087 481 321
159002 321 481
159008 481 321
159022 481 321
159029 481 321
159045 481 321
159091 481 321
160006 481 321
16004 481 321
160067 481 321
160068 481 321
16052 481 321
16068 481 321
16077 481 321
161045 481 321
161062 481 321
163004 321 481
163014 321 481
163062 481 321
163085 481 321
163096 321 481
164046 321 481
164074 481 321
166081 481 321
167062 481 321
167083 321 481
168084 481 321
169012 481 321
170054 481 321
170057 481 321
17067 321 481
172032 321 481
173036 481 321
175032 321 481
175043 481 321
175083 481 321
176019 321 481
176035 481 321
176039 481 321
176051 481 321
178054 481 321
179084 481 321
181018 321 481
181021 321 481
181079 321 481
181091 321 481
182053 481 321
183055 481 321
183066 481 321
183087 481 321
185092 481 321
187003 481 321
187029 321 481
187039 481 321
187058 481 321
187071 321 481
187083 321 481
187099 481 321
188005 481 321
188025 481 321
188063 481 321
188091 481 321
189003 481 321
189006 321 481
189011 481 321
189013 321 481
189029 321 481
189080 321 481
189096 481 321
19021 481 321
196015 481 321
196027 321 481
196040 321 481
196062 481 321
196073 481 321
196088 481 321
197017 481 321
198004 321 481
198023 321 481
198054 321 481
198087 321 481
20008 321 481
20069 321 481
201080 481 321
2018 321 481
202000 481 321
202012 481 321
206062 481 321
206097 481 321
207038 481 321
207049 481 321
207056 481 321
208001 321 481
208078 481 321
209021 481 321
209070 481 321
2092 481 321
210088 321 481
21077 481 321
216041 481 321
216053 481 321
216066 481 321
216081 481 321
217013 321 481
217090 481 321
219090 481 321
220003 481 321
220075 481 321
22013 321 481
22090 481 321
22093 321 481
223004 321 481
223060 481 321
223061 481 321
225017 321 481
225022 321 481
226022 481 321
226033 481 321
226043 321 481
226060 321 481
227040 481 321
227046 481 321
227092 321 481
228076 481 321
229036 481 321
230063 321 481
230098 321 481
23025 321 481
23050 321 481
23080 481 321
23084 481 321
231015 481 321
232038 481 321
232076 481 321
235098 481 321
236017 481 321
236037 481 321
238011 481 321
238025 321 481
239007 321 481
239096 481 321
24004 321 481
24063 481 321
24077 481 321
241004 481 321
241048 481 321
242078 321 481
243095 321 481
245051 481 321
246009 321 481
246016 321 481
246053 321 481
247003 481 321
247012 481 321
247085 481 321
249021 321 481
249061 481 321
249087 481 321
250047 321 481
250087 321 481
25098 321 481
253016 481 321
253027 481 321
253036 481 321
253055 481 321
253092 321 481
254033 481 321
254054 321 481
257098 321 481
258089 481 321
259060 321 481
260058 481 321
260081 321 481
26031 321 481
267036 321 481
268002 321 481
268048 481 321
268074 321 481
27059 321 481
271008 481 321
271031 481 321
271035 321 481
274007 321 481
277053 481 321
277095 321 481
279005 321 481
28075 481 321
28083 481 321
28096 481 321
281017 321 481
285022 481 321
285036 481 321
285079 321 481
286092 481 321
288024 481 321
289011 321 481
290035 481 321
29030 481 321
291000 481 321
292066 321 481
293029 481 321
295087 481 321
296007 481 321
296028 481 321
296058 481 321
296059 481 321
299086 481 321
299091 481 321
300091 481 321
301007 321 481
302003 321 481
302008 321 481
302022 321 481
304034 481 321
304074 321 481
306005 481 321
306051 321 481
306052 481 321
3063 481 321
309004 481 321
309040 481 321
3096 481 321
310007 481 321
311068 321 481
311081 321 481
314016 481 321
317043 481 321
317080 481 321
323016 481 321
326025 481 321
326038 481 321
326085 321 481
33039 321 481
33044 321 481
33066 481 321
334025 321 481
335088 481 321
335094 481 321
344010 481 321
346016 481 321
347031 321 481
35008 481 321
35010 481 321
35028 481 321
35049 481 321
35058 481 321
35070 481 321
35091 481 321
351093 481 321
353013 481 321
36046 481 321
361010 481 321
361084 481 321
365025 321 481
365072 321 481
365073 481 321
368016 481 321
368037 481 321
368078 321 481
370036 481 321
37073 481 321
372019 321 481
372047 321 481
374020 481 321
374067 321 481
376001 481 321
376020 481 321
376043 321 481
376086 481 321
38082 481 321
38092 481 321
384022 481 321
384089 321 481
385022 481 321
385028 481 321
385039 481 321
388006 321 481
388016 321 481
388018 321 481
388067 321 481
393035 481 321
41004 481 321
41006 481 321
41025 481 321
41029 481 321
41033 481 321
41069 481 321
41085 481 321
41096 481 321
42012 321 481
42044 481 321
42049 481 321
42078 481 321
43033 481 321
43051 481 321
43070 481 321
43074 481 321
43083 481 321
45000 481 321
45077 481 321
45096 481 321
46076 321 481
48017 481 321
48025 481 321
48055 321 481
49024 481 321
5096 481 321
51084 481 321
54005 321 481
54082 321 481
55067 481 321
55073 321 481
55075 321 481
56028 481 321
58060 481 321
59078 481 321
60079 321 481
6046 321 481
61034 321 481
61060 481 321
61086 321 481
62096 481 321
64061 321 481
65010 481 321
65019 481 321
65033 481 321
65074 321 481
65084 321 481
65132 481 321
66039 321 481
66053 481 321
66075 321 481
67079 481 321
68077 481 321
69000 481 321
69007 481 321
69015 321 481
69020 481 321
69022 481 321
69040 481 321
70011 481 321
70090 321 481
71046 481 321
71076 321 481
71099 481 321
76002 481 321
76053 481 321
77062 481 321
78004 321 481
78019 481 321
78098 481 321
79073 481 321
80085 481 321
80090 321 481
80099 481 321
8023 481 321
8049 481 321
8068 481 321
81066 481 321
81090 321 481
81095 481 321
8143 481 321
85048 481 321
86000 321 481
86016 481 321
86068 481 321
87015 481 321
87046 481 321
87065 481 321
89072 321 481
90076 481 321
92014 481 321
92059 321 481
94079 481 321
94095 481 321
95006 481 321
97010 481 321
97017 481 321
97033 481 321
